        2500   18.964842086092691        3.3049965041176826E-002  -1.3436747311980712       0.15190750636970696     
        5000   19.059588681206844        2.3952799488281142E-002  -1.3138909590074648       0.10823767313373941     
        7500   18.989505025769862        1.9099650776721558E-002  -1.2214142049221897        8.7113871517725108E-002
       10000   19.012314999425950        1.6713677079589855E-002  -1.3133522970863318        7.6590865667968328E-002
       12500   19.025863420169571        1.4886212513376787E-002  -1.2944919584015961        6.8079564933420031E-002
       15000   19.036135275134924        1.3714956990756443E-002  -1.3204287869283220        6.2563172658840802E-002
       17500   19.002513650647440        1.2573687912533377E-002  -1.3757188146109756        5.8109274402452359E-002
       20000   19.010649655080428        1.1756558093846549E-002  -1.4344513195294415        5.4961844920267233E-002
       22500   19.030930913213819        1.1164595419770036E-002  -1.3611766908006107        5.1034988614957158E-002
       25000   19.025062336377985        1.0569971247107266E-002  -1.2831414142481326        4.7962216802078669E-002
       27500   19.016099313044659        1.0065746708466586E-002  -1.3395534113800871        4.6092517766571382E-002
       30000   19.042361008412993        9.6737027047181703E-003  -1.5127434734286609        4.5227597660657703E-002
       32500   19.002395258044089        9.2287356616530675E-003  -1.2981504600771197        4.2353663815690952E-002
       35000   19.022593863323927        8.9132559610149726E-003  -1.3952279165174533        4.1185206717807246E-002
       37500   18.995689392881943        8.5792602705471645E-003  -1.3416862576946513        3.9510843694383402E-002
       40000   19.037337655052422        8.3671350296773642E-003  -1.2802507405245687        3.8065490364123232E-002
       42500   19.026588082335024        8.1328895526763742E-003  -1.2780242668878661        3.6978307510002834E-002
       45000   19.022903658614894        7.9099363262126309E-003  -1.2616627895934707        3.5810817931334525E-002
       47500   19.010748695397183        7.6505654817837724E-003  -1.3830581442126251        3.5334921338701773E-002
       50000   19.004145970795829        7.4404093458262160E-003  -1.3770451004563491        3.4430447399211500E-002
       52500   19.025175335086246        7.2722207786989615E-003  -1.3310101595277464        3.3475101815731094E-002
       55000   19.021837704746318        7.1071987540738202E-003  -1.3332799273037146        3.2586883147791151E-002
       57500   19.025283624474632        6.9650090185522278E-003  -1.3706092828891068        3.2035602644766764E-002
       60000   19.020632862386289        6.8394993457152132E-003  -1.3542073577530311        3.1378496744360794E-002
       62500   19.023176119492518        6.6873396278312215E-003  -1.2937234045153849        3.0437539668992829E-002
       65000   19.023601981899944        6.5657225168596345E-003  -1.3869592473600427        3.0236505653615586E-002
       67500   19.011213936219633        6.4279977536562524E-003  -1.3514819387992778        2.9578428285805713E-002
       70000   19.016399579219890        6.2885677406571338E-003  -1.3585989098003446        2.8964494657867643E-002
       72500   19.011951651819569        6.1948856275986890E-003  -1.3022052398630921        2.8338619792962101E-002
       75000   19.023969936112330        6.1031326632622106E-003  -1.3504997099013638        2.8053209486900554E-002
       77500   19.015324511441644        6.0064594572415879E-003  -1.3202576294668424        2.7436402771102389E-002
       80000   19.016472989546390        5.8947350752396972E-003  -1.3166338718273305        2.6995824749716808E-002
       82500   19.017953661730491        5.8190923099079046E-003  -1.3344623043959098        2.6712518348412713E-002
       85000   19.014727258913066        5.7198762605046947E-003  -1.3143962999827254        2.6189186930334840E-002
       87500   19.019770887086501        5.6485040420210866E-003  -1.3978103190694839        2.6034125144746165E-002
       90000   19.016094679994684        5.5703514196405483E-003  -1.3549935883010940        2.5616063642795971E-002
       92500   19.019365300945040        5.4919766689551308E-003  -1.3384271420364873        2.5189768802285174E-002
       95000   19.023258634779467        5.4240885966135039E-003  -1.3649672481822257        2.4941354618058711E-002
       97500   19.024501581754677        5.3557720496172009E-003  -1.3631052013061797        2.4626464632767801E-002
      100000   19.029932323638892        5.2862407840761011E-003  -1.3281215491232419        2.4195393694866774E-002
      102500   19.014154971814410        5.2078603145000674E-003  -1.3438648310731287        2.3947983806260460E-002
      105000   19.018445102588721        5.1546135579923847E-003  -1.3355707636105696        2.3635432447848968E-002
      107500   19.020920313136177        5.0905758581011821E-003  -1.3637974836953577        2.3424627008824677E-002
      110000   19.014865857254865        5.0335339034065446E-003  -1.3119265623829217        2.3055019985524096E-002
      112500   19.019331577389995        4.9872049811073745E-003  -1.3692494797339290        2.2960967293954491E-002
      115000   19.023272701452157        4.9290823871069771E-003  -1.3553808292784553        2.2699039615459805E-002
      117500   19.018168898499752        4.8696075163797191E-003  -1.3810949147034037        2.2441893857144988E-002
      120000   19.015771851196593        4.8066120589449549E-003  -1.3777608629196334        2.2192506003777743E-002
      122500   19.018564613325378        4.7699514152747136E-003  -1.3430938561336567        2.1906462780397037E-002
      125000   19.019024008310929        4.7159645504017541E-003  -1.3606598623498951        2.1713561495160270E-002
      127500   19.020557015465325        4.6741777236447273E-003  -1.3335290302403471        2.1426494677210528E-002
      130000   19.023442448355372        4.6287116485046499E-003  -1.3351832060196946        2.1246119515240101E-002
      132500   19.017218756254824        4.5912638232339089E-003  -1.3634782818022722        2.1070039272166854E-002
      135000   19.022904110578846        4.5402091394371466E-003  -1.3200369985139107        2.0863127630214525E-002
      137500   19.015109113010759        4.5015604882593678E-003  -1.3270654733975931        2.0627213632315563E-002
      140000   19.018135059857901        4.4630062037519357E-003  -1.3623299576819399        2.0553347405802218E-002
      142500   19.016415635404211        4.4178893160110875E-003  -1.3220517264743361        2.0277575354141254E-002
      145000   19.023930813907992        4.3889154850419373E-003  -1.3519811179936392        2.0153680569787436E-002
      147500   19.015756368510615        4.3556835974280193E-003  -1.3469165540620978        1.9992404901248550E-002
      150000   19.019327390420358        4.3150772286341928E-003  -1.3516821925590350        1.9782750813268631E-002
 
        5000   1.4373416717909708        2.7390104969558179E-002   2.1509714124678379       0.12106500592161971       0.49785678787672943        1.4144320508517031E-002
 
       10000  0.72288064594774804        1.5337954192891556E-002  0.98193361433531767        5.8764814325124690E-002  0.24695355227087165        7.4706135725579768E-003
 
       15000  0.47693204162919201        1.0625871203405983E-002  0.73467145595470751        5.9452140673507965E-002  0.15760419039209025        4.9680048496132433E-003
 
       20000  0.36561066317887919        8.2651418917747462E-003  0.51227411253857424        3.1258829368771432E-002  0.11880649652239619        3.7662231730008020E-003
 
       25000  0.28056411448751539        6.4060124398496116E-003  0.40185807162085557        2.4890217160314639E-002   9.5373387000533688E-002   3.0329493603086020E-003
 
       30000  0.23408568421148063        5.3742436947871357E-003  0.32728968342612219        1.6038444748656504E-002   8.0327321511993649E-002   2.5488445535578608E-003
 
       35000  0.20687055438314511        4.7577412267799830E-003  0.27507821559005291        1.4403606453337558E-002   6.7878601206639577E-002   2.1747835132011418E-003
 
       40000  0.18135355474544834        4.2170507734982854E-003  0.25758254885089116        1.4240491480114930E-002   6.1308641548482548E-002   1.9359702016735153E-003
 
       45000  0.15890223723509914        3.6814317620721365E-003  0.21854098700660413        1.0236944616888620E-002   5.4943376242598811E-002   1.7301577640144339E-003
 
       50000  0.14144632020619782        3.2936649809010266E-003  0.23334430201008732        2.4873636180728333E-002   4.7712405046517109E-002   1.5318014880846920E-003
 
       55000  0.13080490893404328        3.0354294262334206E-003  0.17120148250881856        9.2392823180075245E-003   4.3723161970752739E-002   1.3992596914655230E-003
 
       60000  0.12100644073079744        2.8238733580350133E-003  0.17260898707244157        1.1618367886765313E-002   4.0567322075573196E-002   1.2912622309475021E-003
 
       65000  0.11016592275377439        2.5647985084876002E-003  0.15116077870849814        8.4564984126356494E-003   3.7884468428709399E-002   1.1995322600249880E-003
 
       70000  0.10333009202094021        2.4135365547472147E-003  0.15730003479315222        1.5712901761271297E-002   3.4296391166003540E-002   1.1005976390419901E-003
 
       75000   9.5995808782505521E-002   2.2388798164170907E-003  0.13591190719002483        9.1096494478967813E-003   3.1704848016005371E-002   1.0228658931835425E-003
 
       80000   8.8106672373988726E-002   2.0693705466249307E-003  0.12574098251971422        7.3254631080472794E-003   3.0325846866427076E-002   9.6901566718616302E-004
 
       85000   8.3916931118189000E-002   1.9634838049723082E-003  0.17629917553038471        8.0851746971649888E-002   2.7971261577348222E-002   9.0313938645562798E-004
 
       90000   8.0608656649907184E-002   1.8868124424896615E-003  0.13107706955231785        3.1310142604459287E-002   2.6422259873786005E-002   8.5338230263739547E-004
 
       95000   7.5531357187802864E-002   1.7719406782719758E-003  0.10853821993251617        7.1740558924382530E-003   2.5311021273897345E-002   8.1321713354632046E-004
 
      100000   7.0857881077393298E-002   1.6670362527673175E-003   9.9398834586029633E-002   4.7119395645646113E-003   2.4850959508908799E-002   7.8533144320234310E-004
 
      105000   7.0172562576531566E-002   1.6363292258898868E-003   9.2055983804847613E-002   5.9155458728752160E-003   2.2716228154717077E-002   7.3307356744975406E-004
 
      110000   6.4748021827168517E-002   1.5249397261735632E-003   9.3763166270880896E-002   5.3282572153173580E-003   2.2287983054537990E-002   7.0948723151654743E-004
 
      115000   6.2745663750598771E-002   1.4674338784251466E-003   8.2492956869815212E-002   3.7909153024743656E-003   2.0552860591837654E-002   6.6657280852317098E-004
 
      120000   5.9072626256189226E-002   1.3809229056946164E-003   8.3348547298971593E-002   5.2416429759398848E-003   2.0135587465611129E-002   6.4592950486655931E-004
 
      125000   5.8632859875405216E-002   1.3732038082224494E-003   8.3636405639076067E-002   9.1149044357299713E-003   1.9443818765732358E-002   6.2204916852297320E-004
 
      130000   5.5100951553384438E-002   1.3003868773825804E-003   8.0480257148896284E-002   5.0137103211075592E-003   1.8785242095231865E-002   5.9962518674130960E-004
 
      135000   5.2756259932678726E-002   1.2322057856203189E-003   8.4132430573789108E-002   9.4069630942438514E-003   1.7386835708440223E-002   5.6620917440965959E-004
 
      140000   5.1335364519827502E-002   1.2041171439775649E-003   6.9819417125860067E-002   3.5059304440507471E-003   1.7472617498956632E-002   5.5736667010680197E-004
 
      145000   4.9696219577648262E-002   1.1626910170671845E-003   6.5947552111213309E-002   4.3149532086358307E-003   1.5905582130549798E-002   5.2285054272718258E-004
 
      150000   4.7970539339188337E-002   1.1264618751730064E-003   6.6896915970453372E-002   3.7058445133703452E-003   1.6160575248920696E-002   5.1799221789820555E-004
 
      155000   4.6637726376386308E-002   1.0969950062194812E-003   6.4825827110370271E-002   3.0506801268333880E-003   1.5122434331820469E-002   4.9304502750929259E-004
 
      160000   4.6303991419685775E-002   1.0903257364762093E-003   6.4810275636162942E-002   4.6433055097406970E-003   1.4951839648127565E-002   4.8253980737140935E-004
 
      165000   4.3275475944945144E-002   1.0155402785229791E-003   6.2769111131386335E-002   6.9449828578893730E-003   1.4716934394050783E-002   4.7146434103163788E-004
 
      170000   4.2445904527342405E-002   9.9935244286849774E-004   5.8081180054852244E-002   3.0500316820531543E-003   1.4702955277411148E-002   4.6425586528774760E-004
 
      175000   4.1812651309342232E-002   9.8679216378737018E-004   5.8697372586908110E-002   2.9067468129218587E-003   1.3621622191776834E-002   4.4051141891469399E-004
 
      180000   4.0163170357970839E-002   9.4923481977778339E-004   5.9238763660697746E-002   3.7692967078725827E-003   1.2982929792584969E-002   4.2411966253749886E-004
 
      185000   3.7926073442343583E-002   8.9811981133103215E-004   5.6100986485431742E-002   3.0717845104245331E-003   1.2852745084662281E-002   4.1623756874163736E-004
 
      190000   3.7715414158552174E-002   8.8672676155844728E-004   5.7119604746654083E-002   8.4233223141018543E-003   1.2482581803079252E-002   4.0483206177794066E-004
 
      195000   3.6424489433580724E-002   8.6346329724658636E-004   6.1982051788216960E-002   1.4532642051368996E-002   1.2385059438748892E-002   3.9803307114763298E-004
 
      200000   3.6097129273829957E-002   8.4998540549110590E-004   4.6729721506575360E-002   2.0129258259353575E-003   1.2130814367986133E-002   3.8897484259408022E-004
 
      205000   3.4941856117728626E-002   8.2179835378618361E-004   4.6433809241422819E-002   2.5082270300056972E-003   1.1778073463657840E-002   3.7860561714142023E-004
 
      210000   3.3904466971456416E-002   7.9697994798664498E-004   4.5441938226120776E-002   2.1218760454982900E-003   1.1712579301282076E-002   3.7304950333808174E-004
 
      215000   3.2952799309488162E-002   7.8030236656441161E-004   5.1365655679662614E-002   4.0168679454252844E-003   1.1180186641250617E-002   3.6023237661295706E-004
 
      220000   3.2552396472218303E-002   7.6657278145761561E-004   4.7467192835562291E-002   3.7527698940089775E-003   1.0907864697511607E-002   3.5176813485830998E-004
 
      225000   3.2483995578241304E-002   7.6845828379186530E-004   4.8632685130028164E-002   4.4742678346688172E-003   1.1038360841604445E-002   3.4993038616909261E-004
 
      230000   3.1028428291998242E-002   7.3542932530174540E-004   4.6968680726062723E-002   2.9850381542677034E-003   1.0504018142955011E-002   3.3763457710493156E-004
 
      235000   3.0913102309377827E-002   7.2913751059103141E-004   4.5873530452989822E-002   2.9015328707006557E-003   1.0117741951386027E-002   3.2785003366479467E-004
 
      240000   3.0140030184782184E-002   7.0814668408500727E-004   4.3113096739397810E-002   2.8583926709055277E-003   1.0068913201090213E-002   3.2363585189483518E-004
 
      245000   3.0008269614347324E-002   7.0584551945599219E-004   4.1022093323955622E-002   2.5096976834230881E-003   1.0001220901284092E-002   3.1924220673144334E-004
 
      250000   2.8805429423596190E-002   6.7996872201143825E-004   4.0232913448722825E-002   2.2025874015493651E-003   9.8601088934144113E-003   3.1380507322720773E-004
 
      255000   2.8034932093316371E-002   6.6017538034136196E-004   3.7153881067532035E-002   1.7512688432038072E-003   8.9572248472803515E-003   2.9627312961482473E-004
 
      260000   2.7831214566744120E-002   6.5180569761146250E-004   3.8162797031757116E-002   2.3744124165195595E-003   9.1995136195968680E-003   2.9727097088943951E-004
 
      265000   2.7896928021610593E-002   6.5631484094308521E-004   5.1621045161249039E-002   1.9576660707320989E-002   9.2855158241134435E-003   2.9581429478737407E-004
 
      270000   2.6790651184315360E-002   6.3148867323504511E-004   3.8484821917111035E-002   2.1813726399752282E-003   8.9115048003316696E-003   2.8715216203739716E-004
 
      275000   2.5840961433461294E-002   6.1191699097173685E-004   3.7988971768708829E-002   2.1142764043960791E-003   8.6808080260103605E-003   2.8080535107954729E-004
 
      280000   2.5484660014906898E-002   6.0022311159332105E-004   7.5020381621817636E-002   5.5732931132296076E-002   8.8133659682373047E-003   2.8039728023876361E-004
 
      285000   2.5261195773650685E-002   5.9757350417911383E-004   3.8494380444526237E-002   2.5775063131116441E-003   8.3022019260642482E-003   2.6978325767086831E-004
 
      290000   2.5095906369933897E-002   5.9217220761239545E-004   3.2560730439043693E-002   1.4175493350781412E-003   8.3630578731182445E-003   2.6848549471030305E-004
 
      295000   2.4267023498706533E-002   5.7125020295109910E-004   3.5873955901398587E-002   2.1900891169434624E-003   8.0455798828242032E-003   2.6104506979281070E-004
 
      300000   2.3865667536648781E-002   5.6289869772908733E-004   3.3224978507402601E-002   2.0406579373329231E-003   7.8802236288869829E-003   2.5619457989840789E-004
 
      305000   2.3690324799068321E-002   5.5990172143489546E-004   3.1560977483611627E-002   1.6613195654957172E-003   7.9762452562956148E-003   2.5562440747488855E-004
 
      310000   2.3350697198302107E-002   5.5139764976859366E-004   3.2971339671458259E-002   1.9126366208139182E-003   7.7781927652143448E-003   2.5044713881898956E-004
 
      315000   2.2531304450162527E-002   5.3363193326519203E-004   3.3346714073212831E-002   2.3095365929147573E-003   7.6989755038883488E-003   2.4713723107597539E-004
 
      320000   2.2319026233766380E-002   5.2846034587502233E-004   3.2294232901978422E-002   2.5557958379167794E-003   7.5902584197393057E-003   2.4353265743070100E-004
 
      325000   2.1957387016951338E-002   5.1505859366299993E-004   2.9545645081980317E-002   1.7336501488153988E-003   7.2636265956371130E-003   2.3639104710731181E-004
 
      330000   2.1475095136768842E-002   5.0932022916212619E-004   2.9236456144117386E-002   1.4177958011889673E-003   7.4197269768966094E-003   2.3705126778689442E-004
 
      335000   2.1283385026903894E-002   5.0478269080597759E-004   3.0495859030006629E-002   1.6781031943671047E-003   7.1875374346478255E-003   2.3157361657453367E-004
 
      340000   2.0843496480956590E-002   4.9226109686351029E-004   2.9805222744867899E-002   1.7785974926160714E-003   7.0439725496676507E-003   2.2759473941413993E-004
 
      345000   2.0709967636001223E-002   4.8676434044785425E-004   2.8661718851658635E-002   1.8966599191792865E-003   7.1594856782039298E-003   2.2780859726724323E-004
 
      350000   2.0605330634423567E-002   4.8492100845377525E-004   3.1105122887247708E-002   2.2296221663515420E-003   6.9142519583025881E-003   2.2222053643081857E-004
 
      355000   2.0243796683110462E-002   4.7816155962712692E-004   2.6564444448414680E-002   1.1497093704118892E-003   6.7057204978433768E-003   2.1730605349431099E-004
 
      360000   1.9916729387231085E-002   4.7223375432394626E-004   3.0399877672946159E-002   2.6252714725025442E-003   6.6075872478879834E-003   2.1421111609687513E-004
 
      365000   2.0243315901051395E-002   4.7786805776811044E-004   2.8777270616249916E-002   2.6359227445713258E-003   6.4576172343049571E-003   2.1031708050169321E-004
 
      370000   1.9375655734091737E-002   4.5695707863251193E-004   2.7890449796630679E-002   1.7602256855629823E-003   6.5219498017921387E-003   2.0992643483134805E-004
 
      375000   1.9042852320649329E-002   4.4914758754277799E-004   2.8442610977126977E-002   1.9251387418171707E-003   6.4388003931159015E-003   2.0721990900135948E-004
 
      380000   1.8795211754430784E-002   4.4457403033208579E-004   2.5456756375016317E-002   1.3264884010315272E-003   6.4538865543289558E-003   2.0606494376874620E-004
 
      385000   1.8225386057498637E-002   4.3146993012020896E-004   3.0453065873751434E-002   4.1820988918703800E-003   6.1523808877325496E-003   1.9989532838661644E-004
 
      390000   1.8243708007660311E-002   4.2913073110261151E-004   2.6570190154978263E-002   2.0792003294194876E-003   6.0659845312065813E-003   1.9721375104094619E-004
 
      395000   1.8360771712944656E-002   4.3368757611861140E-004   2.7792010888174318E-002   2.8759375014941286E-003   6.2094273659819990E-003   1.9825947245547890E-004
 
      400000   1.8009209859843771E-002   4.2615192949035496E-004   2.4750330609081765E-002   1.3539225151124924E-003   6.1282299790499538E-003   1.9572710331102231E-004
 
      405000   1.7693965093352540E-002   4.1859236973368352E-004   2.5704438513086004E-002   1.6152239309929284E-003   6.0870503152950948E-003   1.9387351020441765E-004
 
      410000   1.7986396952571804E-002   4.2022812979902052E-004   3.2364387248193779E-002   1.0912095620471809E-002   5.9140186560279742E-003   1.8992470579643674E-004
 
      415000   1.7369028975231442E-002   4.0897011067149935E-004   2.8316855754214498E-002   3.1280830859347062E-003   5.8775160068291685E-003   1.8819531446858873E-004
 
      420000   1.6991068213516869E-002   4.0172362166104777E-004   2.5642871886751836E-002   1.8814115909425843E-003   5.6925460508717328E-003   1.8411106771026146E-004
 
      425000   1.6760734976750371E-002   3.9504334190199454E-004   2.4229014141221063E-002   2.1454976521836618E-003   5.7741844020393340E-003   1.8433245194175723E-004
 
      430000   1.6714225921833911E-002   3.9675252024720084E-004   2.4273642373912819E-002   1.6489879225882165E-003   5.6805744332199155E-003   1.8177343438469619E-004
 
      435000   1.6559719106950487E-002   3.9283658509192123E-004   2.3893583710571133E-002   1.5119915023038132E-003   5.5019760832512119E-003   1.7787187897814482E-004
 
      440000   1.6183248462541551E-002   3.8083745334944460E-004   2.3644884111091297E-002   2.1749833326900388E-003   5.4296920327908333E-003   1.7568526880062609E-004
 
      445000   1.6042644678624415E-002   3.8079375814281609E-004   2.4748729552380725E-002   2.0108995917247656E-003   5.3632605117886261E-003   1.7362609852481764E-004
 
      450000   1.6066942564187722E-002   3.8222633294347173E-004   2.3105226614517190E-002   1.1278220466439458E-003   5.3190074627831605E-003   1.7194629530509805E-004
 
      455000   1.5898860848102915E-002   3.7521011641697627E-004   2.3124461058796984E-002   2.0952696798660730E-003   5.2547131892910180E-003   1.6996444917499265E-004
 
      460000   1.5664535899414789E-002   3.7037382078170482E-004   2.1541636731626040E-002   1.0153195963347322E-003   5.2794410661822959E-003   1.6943463375212236E-004
 
      465000   1.5489492093817033E-002   3.6778511255233727E-004   2.2343130788632520E-002   1.2162933970494233E-003   4.9631061498993951E-003   1.6340483407750508E-004
 
      470000   1.5237631884088190E-002   3.6067930535158129E-004   2.2119557944688180E-002   1.2457706542184565E-003   5.1519945090496367E-003   1.6559108864209077E-004
 
      475000   1.5177578909445568E-002   3.5795234325350876E-004   2.0222767164886551E-002   9.8793824647151990E-004   5.1384041741793438E-003   1.6450488487156683E-004
 
      480000   1.5076376516601504E-002   3.5555372764743665E-004   2.5731250365314432E-002   6.5613085029835741E-003   5.1398472413422798E-003   1.6366424402212165E-004
 
      485000   1.4738834056444546E-002   3.4999471216292001E-004   2.1790950568787253E-002   1.4220181772110721E-003   4.9042324210510904E-003   1.5905223369348684E-004
 
      490000   1.4733593372378968E-002   3.4551339099247433E-004   2.0751589962527118E-002   2.2209446060533445E-003   4.9645430807376770E-003   1.5920544966908028E-004
 
      495000   1.4340332941690428E-002   3.3801611574357652E-004   2.4567556390311156E-002   3.6061367270303927E-003   4.8521640061022176E-003   1.5660105416288926E-004
 
      500000   1.4444690207488866E-002   3.4046636535737433E-004   2.2045820615161651E-002   1.9096466085449693E-003   4.6900065238338227E-003   1.5319342736441153E-004
 
      505000   1.3889529683320634E-002   3.2989502046166033E-004   2.0402534131556790E-002   1.0539213551427906E-003   4.8692481696821785E-003   1.5531307011480057E-004
 
      510000   1.4254088891263153E-002   3.3496283629507937E-004   2.1197314467321850E-002   3.3399883635835278E-003   4.5840663507418370E-003   1.4996428766540462E-004
 
      515000   1.3857578599327389E-002   3.2581446363691343E-004   2.4423838431332251E-002   5.9859864400972065E-003                       NaN                       NaN
 
      520000   1.3769561890144451E-002   3.2550124689206291E-004   2.9702757160581513E-002   1.2491587356579056E-002                       NaN                       NaN
 
      525000   1.3695459625253870E-002   3.2328320596191137E-004   1.9133231717623746E-002   1.0810434700224577E-003                       NaN                       NaN
 
      530000   1.3267257017059853E-002   3.1421741869553900E-004   2.1399019914353824E-002   1.8337322690651779E-003                       NaN                       NaN
 
      535000   1.3308762339911441E-002   3.1408474252034513E-004   2.1129609277141023E-002   1.6329500907926084E-003                       NaN                       NaN
 
      540000   1.3258861941336518E-002   3.1168982042685235E-004   1.9107140723748525E-002   1.5748354665353103E-003                       NaN                       NaN
 
      545000   1.3638445852723545E-002   3.2093023411625837E-004   1.8663809769504429E-002   1.2431802926925967E-003                       NaN                       NaN
 
      550000   1.3036227279214581E-002   3.0681572871857186E-004   1.8586473885762161E-002   1.0331860841950691E-003                       NaN                       NaN
 
      555000   1.2693080965255272E-002   3.0267653885414700E-004   2.0817821215553090E-002   3.2925234192354648E-003                       NaN                       NaN
 
      560000   1.2757480724624801E-002   3.0083967100714726E-004   1.8628457799672874E-002   1.2081696504519781E-003                       NaN                       NaN
 
      565000   1.2671297967598338E-002   2.9929494828210814E-004   1.7330097590823705E-002   9.8997026147436881E-004                       NaN                       NaN
 
      570000   1.2744007359177571E-002   3.0124593765127266E-004   1.7026900412368980E-002   8.2958348058033405E-004                       NaN                       NaN
 
      575000   1.2726599234031308E-002   3.0320377637869212E-004   2.0885868377625866E-002   3.6445055360986248E-003                       NaN                       NaN
 
      580000   1.2387230058951355E-002   2.9231988260210417E-004   1.7182800861589759E-002   9.3779511680193461E-004                       NaN                       NaN
 
      585000   1.2243299982672550E-002   2.8943596615497275E-004   1.8326570373655506E-002   1.5771482964635161E-003                       NaN                       NaN
 
      590000   1.2294833896295862E-002   2.8813120972072371E-004   1.6447057230901622E-002   1.1330896137041050E-003                       NaN                       NaN
 
      595000   1.1969138470113478E-002   2.8276456648569377E-004   2.0556436278618102E-002   4.7105059075465538E-003                       NaN                       NaN
 
      600000   1.2015873121933942E-002   2.8443815848228375E-004   2.0499059263254654E-002   4.4146963214927518E-003                       NaN                       NaN
 
      605000   1.1718698640126498E-002   2.7627887738500111E-004   2.1126064122229997E-002   5.4549727931706496E-003                       NaN                       NaN
 
      610000   1.1821881448502203E-002   2.8071350377907069E-004   1.7735750014238494E-002   1.1835489770746490E-003                       NaN                       NaN
 
      615000   1.1585954731091400E-002   2.7430729780013438E-004   1.6854339544478191E-002   1.0342503182783431E-003                       NaN                       NaN
 
      620000   1.1697720946737097E-002   2.7641673535095529E-004   1.7284934178579358E-002   1.5781857528110069E-003                       NaN                       NaN
 
      625000   1.1371760607216322E-002   2.6976158141500168E-004   1.7780449602840032E-002   1.3215112772815795E-003                       NaN                       NaN
 
      630000   1.1459764746142864E-002   2.6963539486932452E-004   1.5160628316504117E-002   8.1086561036667498E-004                       NaN                       NaN
 
      635000   1.1375817997610336E-002   2.6944232129129983E-004   1.4979353124994675E-002   7.3171446428632310E-004                       NaN                       NaN
 
      640000   1.1144544934376130E-002   2.6499688101170498E-004   1.5578122692803141E-002   8.3262289199510081E-004                       NaN                       NaN
 
      645000   1.1341451417760277E-002   2.6886440646704942E-004   1.6606168590708376E-002   1.4885293067779181E-003                       NaN                       NaN
 
      650000   1.1219987202183973E-002   2.6617569294364447E-004   1.5028293035517126E-002   6.6005791434275431E-004                       NaN                       NaN
 
      655000   1.1108006246433438E-002   2.6155970261738877E-004   1.7357189770989639E-002   2.1013049275519528E-003                       NaN                       NaN
 
      660000   1.0876862394233553E-002   2.5754440909874101E-004   1.5131026674030422E-002   7.8583071057205557E-004                       NaN                       NaN
 
      665000   1.0752085539621590E-002   2.5448855189890617E-004   1.5141162579027386E-002   9.1605951830609790E-004                       NaN                       NaN
 
      670000   1.0797229830174617E-002   2.5576962715701120E-004   1.5245180999905445E-002   8.4196901808931122E-004                       NaN                       NaN
 
      675000   1.0630219731939854E-002   2.5257914875236655E-004   1.6322265778628008E-002   1.8545484863560554E-003                       NaN                       NaN
 
      680000   1.0626759192919638E-002   2.5114645158050172E-004   1.5146638172374695E-002   9.6663928553460219E-004                       NaN                       NaN
 
      685000   1.0342066090200617E-002   2.4705722446185781E-004   1.7620653973001863E-002   2.2075795083466455E-003                       NaN                       NaN
 
      690000   1.0479300730191250E-002   2.4592514927031901E-004   1.3598559707407559E-002   6.6255830045966772E-004                       NaN                       NaN
 
      695000   1.0451336694696242E-002   2.4618686826323406E-004   1.4030312787006113E-002   7.1918448171803047E-004                       NaN                       NaN
 
      700000   1.0399473329827486E-002   2.4597433808802913E-004   1.4544081215292513E-002   7.5785531084878203E-004                       NaN                       NaN
 
      705000   1.0049750190069137E-002   2.3833214490391038E-004   1.4399357891352391E-002   8.2258116872432148E-004                       NaN                       NaN
 
      710000   1.0108069878615950E-002   2.3952827801865370E-004   1.4769456567414983E-002   8.1098584475299278E-004                       NaN                       NaN
 
      715000   9.9828216944900482E-003   2.3678530633160466E-004   1.5195432318780157E-002   9.6175661598867849E-004                       NaN                       NaN
 
      720000   1.0030656486819266E-002   2.3615041170121185E-004   1.3749940037556908E-002   7.6342938003407705E-004                       NaN                       NaN
 
      725000   9.8313136873991822E-003   2.3131178227596690E-004   1.3582149177438781E-002   7.3719628091434882E-004                       NaN                       NaN
 
      730000   9.8782954942657313E-003   2.3345826698829733E-004   1.2914648297148758E-002   6.2395523966590120E-004                       NaN                       NaN
 
      735000   9.7268713420020150E-003   2.3005106044360555E-004   1.4375585524369803E-002   1.0823086041410522E-003                       NaN                       NaN
 
      740000   9.6490831463448123E-003   2.2695356386751015E-004   1.3668439202476772E-002   8.5614525756006930E-004                       NaN                       NaN
 
      745000   9.6646602217770224E-003   2.2805293310060114E-004   1.3634783405619249E-002   7.3233276509528350E-004                       NaN                       NaN
 
      750000   9.5718103893575393E-003   2.2588498724316914E-004   1.2898263192948281E-002   6.4967530881308150E-004                       NaN                       NaN
 
      755000   9.5876491973000532E-003   2.2807133752914346E-004   1.4297365669765996E-002   1.5417158878133096E-003                       NaN                       NaN
 
      760000   9.4311273068433191E-003   2.2090186910913868E-004   1.2609585435751101E-002   6.8056935533465678E-004                       NaN                       NaN
 
      765000   9.4088575387861872E-003   2.2202854569215919E-004   1.5617521792895018E-002   3.5362160818105926E-003                       NaN                       NaN
 
      770000   9.3184756265066119E-003   2.1878165297844294E-004   1.1741186926457821E-002   5.7359649594487902E-004                       NaN                       NaN
 
      775000   9.3277353014005956E-003   2.2167639363097067E-004   1.2824577985907200E-002   6.8350883033078361E-004                       NaN                       NaN
 
      780000   9.3065601432325337E-003   2.2047344305333098E-004   1.3249636756563090E-002   8.1134115220114289E-004                       NaN                       NaN
 
      785000   9.0965646255975058E-003   2.1550630419587532E-004   1.4048731264756921E-002   1.0765368728076928E-003                       NaN                       NaN
 
      790000   9.0681243145003202E-003   2.1398555252128494E-004   1.3575353272962238E-002   1.2690916757001260E-003                       NaN                       NaN
 
      795000   8.9454459937328701E-003   2.1124094870613580E-004   1.4206497948743613E-002   1.6867882248824153E-003                       NaN                       NaN
 
      800000   9.0263386828372330E-003   2.1357413511780121E-004   1.3062730485861072E-002   8.8397007021018877E-004                       NaN                       NaN
 
      805000   8.8926998263786639E-003   2.1025316941221416E-004   1.3250165384532083E-002   1.9784187474387619E-003                       NaN                       NaN
 
      810000   8.8838259042893150E-003   2.1110053911569250E-004   1.2581775800082901E-002   6.7116838547067023E-004                       NaN                       NaN
 
      815000   8.7916566301090987E-003   2.0817125590580476E-004   1.2446068368085669E-002   7.0480399485690144E-004                       NaN                       NaN
 
      820000   8.6366407548436157E-003   2.0495132680246902E-004   1.3587428401892884E-002   2.2665544801197929E-003                       NaN                       NaN
 
      825000   8.5220746933523349E-003   2.0138958577586817E-004   1.2892740485600478E-002   8.8561912905029848E-004                       NaN                       NaN
 
      830000   8.8093217787329290E-003   2.0838835934037218E-004   1.2027081284313545E-002   5.7906093916770178E-004                       NaN                       NaN
 
      835000   8.5890188131500823E-003   2.0286549152312650E-004   1.2293859532710465E-002   9.1738516329069439E-004                       NaN                       NaN
 
      840000   8.5770281756410317E-003   2.0404228306897121E-004   1.2257201960983772E-002   8.6832415181058295E-004                       NaN                       NaN
 
      845000   8.4006272149518557E-003   1.9938290083133380E-004   1.3364340565769323E-002   1.2066951288708554E-003                       NaN                       NaN
 
      850000   8.3673061046658087E-003   1.9857520958495566E-004   1.1641214227213289E-002   5.7735146142417462E-004                       NaN                       NaN
 
      855000   8.3131436109824576E-003   1.9634033580848414E-004   1.1672074643311653E-002   7.3247453495834162E-004                       NaN                       NaN
 
      860000   8.3196502830188337E-003   1.9662914893256374E-004   1.1997263533814416E-002   8.6097422425557659E-004                       NaN                       NaN
 
      865000   8.4195563071924936E-003   1.9829352729082154E-004   1.1267016348815691E-002   6.3817047548518125E-004                       NaN                       NaN
 
      870000   8.1572060379410099E-003   1.9280264251637268E-004   1.2280529708886207E-002   8.1019727840991700E-004                       NaN                       NaN
 
      875000   8.3290377560433278E-003   1.9658685197941706E-004   1.2372289868009628E-002   1.2233617054356158E-003                       NaN                       NaN
 
      880000   8.2141511467538446E-003   1.9329887256688271E-004   1.1996789273910164E-002   7.4945609005719045E-004                       NaN                       NaN
 
      885000   8.0520999227300712E-003   1.9126541093357843E-004   1.2389605844189883E-002   8.1489313443059742E-004                       NaN                       NaN
 
      890000   7.9013988169143214E-003   1.8607284079623270E-004   1.1758007058316635E-002   1.2885557215513838E-003                       NaN                       NaN
 
      895000   8.0332311704855632E-003   1.8923957922300382E-004   1.1525967878070545E-002   1.0390224818504273E-003                       NaN                       NaN
 
      900000   7.9501625229954093E-003   1.8864365448906925E-004   1.1051187449805683E-002   5.9294896803446882E-004                       NaN                       NaN
 
      905000   7.9358430346931422E-003   1.8793254553255584E-004   1.2106224649803555E-002   9.8356017664603381E-004                       NaN                       NaN
 
      910000   7.8513749914529470E-003   1.8606139091810377E-004   1.1679857667657835E-002   8.3664666005843816E-004                       NaN                       NaN
 
      915000   7.9083265198740937E-003   1.8694174652142165E-004   1.1864419125537293E-002   8.6017866243966732E-004                       NaN                       NaN
 
      920000   7.8104651627229965E-003   1.8487551416438236E-004   1.2414491164122925E-002   9.9445855289397771E-004                       NaN                       NaN
 
      925000   7.7980200970459617E-003   1.8317497499028654E-004   1.2142903525020707E-002   1.0466618673594886E-003                       NaN                       NaN
 
      930000   7.6973734101445481E-003   1.8159563849349619E-004   1.6314049388947045E-002   7.7341748650577103E-003                       NaN                       NaN
 
      935000   7.6441216976383198E-003   1.8049158411091807E-004   1.0667828772019381E-002   8.5739320338826372E-004                       NaN                       NaN
 
      940000   7.5866391569983649E-003   1.7903843798179448E-004   1.0936880080191979E-002   9.7347974781905827E-004                       NaN                       NaN
 
      945000   7.7694680662157515E-003   1.8251703452369173E-004   1.0615452136056963E-002   6.7739762610046373E-004                       NaN                       NaN
 
      950000   7.4764023780404124E-003   1.7755446701465204E-004   1.0504528249417690E-002   5.8018734966504412E-004                       NaN                       NaN
 
      955000   7.6659580542097188E-003   1.8204805377210691E-004   1.1884134069942003E-002   9.4795651268885905E-004                       NaN                       NaN
 
      960000   7.4514103237222785E-003   1.7650042456794279E-004   1.1767685302318110E-002   1.9084639261383756E-003                       NaN                       NaN
 
      965000   7.4089614235441307E-003   1.7446201782305251E-004   9.7933709845484680E-003   5.0104528982349223E-004                       NaN                       NaN
 
      970000   7.3852929295730443E-003   1.7528417140909365E-004   1.0611939833825853E-002   5.5493467930563462E-004                       NaN                       NaN
 
      975000   7.3621143262061380E-003   1.7377966284034882E-004   1.3137287608603830E-002   2.7689913600553811E-003                       NaN                       NaN
 
      980000   7.3431380554243803E-003   1.7307988284688043E-004   1.0720354361045887E-002   1.0065726118833305E-003                       NaN                       NaN
 
      985000   7.3062586874417931E-003   1.7259703516587144E-004   1.2039819737837057E-002   2.0046436039985399E-003                       NaN                       NaN
 
      990000   7.2699184485513230E-003   1.7229630287897348E-004   1.0165536957276197E-002   5.6145476272116614E-004                       NaN                       NaN
 
      995000   7.2476167661761244E-003   1.7276129383136514E-004   1.1721280466045115E-002   1.1723134635446371E-003                       NaN                       NaN
 
     1000000   7.1262019185478320E-003   1.6875163296905480E-004   1.1604414697599937E-002   1.0904410491247762E-003                       NaN                       NaN
 
     1005000   7.0330831080171992E-003   1.6617952344950666E-004   9.6159681175476842E-003   5.3725327268899737E-004                       NaN                       NaN
 
     1010000   6.8923313971007722E-003   1.6270306753357071E-004   9.8063055332424254E-003   5.3313359767428645E-004                       NaN                       NaN
 
     1015000   7.1328673811457766E-003   1.6797731234486846E-004   1.4429579062784127E-002   5.7447162611619744E-003                       NaN                       NaN
 
     1020000   6.9210727446359678E-003   1.6423888501818554E-004   9.9524685331212111E-003   6.3670640564148233E-004                       NaN                       NaN
 
     1025000   7.2108115230239810E-003   1.6930210656511147E-004   1.0572536653251467E-002   1.3074830438528937E-003                       NaN                       NaN
 
     1030000   7.0090755519063809E-003   1.6687785209192871E-004   1.0183853650287665E-002   5.8526841783204349E-004                       NaN                       NaN
 
     1035000   6.9922237189402187E-003   1.6500761082197707E-004   9.6242990716260933E-003   5.0717457758208339E-004                       NaN                       NaN
 
     1040000   6.8584265174285799E-003   1.6139921389610171E-004   1.0661297104687736E-002   1.5121901649142132E-003                       NaN                       NaN
 
     1045000   6.7873929959128181E-003   1.6072099055468566E-004   1.0191715751343160E-002   9.5604855335340848E-004                       NaN                       NaN
 
     1050000   6.8456109495191380E-003   1.6174203787189788E-004   9.0461737199419769E-003   4.3095951920667035E-004                       NaN                       NaN
 
 
